,Mora últimos 3 meses_woe,Mora últimos 6 meses _woe,tiempo trabajado_woe,Cuentas x Cobrar_woe,Provisión General_woe,Saldo  Capital_woe,edad_woe,endeudameinto_woe,cargo_woe,Plazo residual_woe,cuota total_woe,antigüedad cuando otorgaron el crédito_woe,Valor crédito_woe,tasa_woe,Linea de Credito_woe,Plazo crédito_woe,FlagTarget
0,-2.24593534992532,3.279396852713711,-0.8616192288175353,0.7185042959477899,0.8431288634208902,0.8431288634208902,-1.0785322303811091,-0.14649314153881487,-0.4749972085108508,0.41687499601515815,-0.6265471066380517,-0.6164967707845502,0.5178336004856385,0.21814997204909448,0.16619023311838355,0.16619023311838355,1
1,3.8320196051581608,-1.455826461522577,0.07950347875780131,-1.127322394550541,0.24892163071584816,0.17196058957971994,0.006381213928838759,-0.8310565784073687,0.29979396108960477,0.41687499601515815,-0.5752538122505014,-0.9450008377565865,0.1536114509115231,0.21814997204909448,0.16619023311838355,0.16619023311838355,1
2,3.8320196051581608,-1.455826461522577,0.07950347875780131,0.7185042959477899,0.8431288634208902,0.8431288634208902,2.075424048387775,1.7865798607558174,1.8430920710191607,0.41687499601515815,0.8585930891184718,-0.37165485700926193,0.8585930891184718,0.21814997204909448,0.16619023311838355,0.16619023311838355,1
3,3.8320196051581608,3.279396852713711,1.6760379863559933,0.8875806259917238,0.8431288634208902,0.8431288634208902,2.075424048387775,-0.14649314153881487,-0.4749972085108508,0.41687499601515815,0.4945380378821166,-0.37165485700926193,0.5178336004856385,0.21814997204909448,0.16619023311838355,0.16619023311838355,1
4,3.8320196051581608,3.279396852713711,0.37675500222573294,-0.6901085881277964,0.24892163071584816,0.17196058957971994,-0.33886503418627106,1.7865798607558174,-0.4749972085108508,0.41687499601515815,-0.39161559957179987,0.8875806259917238,-0.3651823425036441,0.21814997204909448,0.16619023311838355,0.16619023311838355,1
5,3.8320196051581608,3.279396852713711,0.37675500222573294,0.8875806259917238,0.24892163071584816,0.17196058957971994,0.006381213928838759,-0.14649314153881487,-0.4749972085108508,-1.5485358596268446,0.25897196656934957,0.8875806259917238,-0.3651823425036441,0.21814997204909448,0.16619023311838355,0.16619023311838355,1
6,-2.24593534992532,-1.455826461522577,0.07950347875780131,-0.6901085881277964,-0.9041788432363312,-1.799416165912654,-0.33886503418627106,-0.4987137351281668,0.29979396108960477,-0.3651823425036441,-0.5752538122505014,-0.9450008377565865,-0.3651823425036441,-1.0583295230635896,-0.9041788432363312,-0.9041788432363312,0
7,3.8320196051581608,3.279396852713711,1.6760379863559933,0.8875806259917238,0.8431288634208902,0.8431288634208902,2.075424048387775,1.7865798607558174,0.29979396108960477,0.41687499601515815,0.4945380378821166,2.536239251579106,0.5178336004856385,0.21814997204909448,0.16619023311838355,0.16619023311838355,1
8,3.8320196051581608,-1.455826461522577,0.07950347875780131,0.7185042959477899,0.8431288634208902,0.8431288634208902,2.075424048387775,1.7865798607558174,1.8430920710191607,0.41687499601515815,0.8585930891184718,-0.37165485700926193,0.8585930891184718,0.21814997204909448,0.16619023311838355,0.16619023311838355,1
9,3.8320196051581608,-1.455826461522577,0.07950347875780131,0.7185042959477899,0.8431288634208902,0.8431288634208902,2.075424048387775,1.7865798607558174,1.8430920710191607,0.41687499601515815,0.8585930891184718,-0.37165485700926193,0.8585930891184718,0.21814997204909448,0.16619023311838355,0.16619023311838355,1
10,3.8320196051581608,3.279396852713711,-0.8616192288175353,0.8875806259917238,0.8431288634208902,0.8431288634208902,0.006381213928838759,1.7865798607558174,1.8430920710191607,0.41687499601515815,0.8585930891184718,-0.6164967707845502,0.8585930891184718,0.21814997204909448,0.16619023311838355,0.16619023311838355,1
11,-2.24593534992532,-1.455826461522577,-1.1987813585326859,-0.6901085881277964,-0.9041788432363312,-1.799416165912654,-1.0785322303811091,-0.14649314153881487,-0.4749972085108508,-1.5485358596268446,-0.39161559957179987,-0.6348459094527469,-0.3651823425036441,-1.0583295230635896,-0.9041788432363312,-0.9041788432363312,0
12,-2.24593534992532,-1.455826461522577,0.07950347875780131,0.8875806259917238,0.24892163071584816,0.17196058957971994,0.006381213928838759,-0.14649314153881487,-0.4749972085108508,0.41687499601515815,-0.6265471066380517,2.536239251579106,0.5178336004856385,0.21814997204909448,0.16619023311838355,0.16619023311838355,0
13,3.8320196051581608,-1.455826461522577,0.07950347875780131,0.7185042959477899,0.8431288634208902,0.8431288634208902,2.075424048387775,1.7865798607558174,1.8430920710191607,0.41687499601515815,0.8585930891184718,-0.37165485700926193,0.8585930891184718,0.21814997204909448,0.16619023311838355,0.16619023311838355,1
14,3.8320196051581608,-1.455826461522577,0.07950347875780131,-1.127322394550541,0.24892163071584816,0.17196058957971994,0.006381213928838759,-0.8310565784073687,0.29979396108960477,0.41687499601515815,-0.5752538122505014,-0.9450008377565865,0.1536114509115231,0.21814997204909448,0.16619023311838355,0.16619023311838355,1
15,-2.24593534992532,-1.455826461522577,-0.8616192288175353,0.7185042959477899,0.8431288634208902,0.8431288634208902,-1.0785322303811091,-0.14649314153881487,0.29979396108960477,0.41687499601515815,0.8585930891184718,-0.37165485700926193,0.8585930891184718,-1.0583295230635896,0.16619023311838355,0.16619023311838355,0
16,-2.24593534992532,-1.455826461522577,0.07950347875780131,0.8875806259917238,0.24892163071584816,0.17196058957971994,-1.0785322303811091,-0.6573187653048055,-0.4749972085108508,0.41687499601515815,-0.5752538122505014,2.536239251579106,-0.9842215509098675,0.21814997204909448,0.16619023311838355,0.16619023311838355,0
17,3.8320196051581608,3.279396852713711,1.6760379863559933,0.8875806259917238,0.8431288634208902,0.8431288634208902,2.075424048387775,-0.14649314153881487,-0.4749972085108508,0.41687499601515815,0.4945380378821166,-0.37165485700926193,0.5178336004856385,0.21814997204909448,0.16619023311838355,0.16619023311838355,1
18,-2.24593534992532,-1.455826461522577,-1.1987813585326859,0.8875806259917238,-0.9041788432363312,-1.799416165912654,-1.0785322303811091,-0.4987137351281668,-0.4749972085108508,-1.5485358596268446,0.25897196656934957,-0.6164967707845502,-0.3651823425036441,-1.0583295230635896,-0.9041788432363312,-0.9041788432363312,0
19,-2.24593534992532,3.279396852713711,-0.8616192288175353,0.7185042959477899,0.8431288634208902,0.8431288634208902,-1.0785322303811091,-0.14649314153881487,-0.4749972085108508,0.41687499601515815,-0.6265471066380517,-0.6164967707845502,0.5178336004856385,0.21814997204909448,0.16619023311838355,0.16619023311838355,1
20,-2.24593534992532,-1.455826461522577,-1.1987813585326859,0.8875806259917238,-1.3832557686877418,-1.799416165912654,-0.33886503418627106,1.7865798607558174,-0.4749972085108508,-1.5485358596268446,-0.5752538122505014,-0.6348459094527469,-0.9842215509098675,0.21814997204909448,0.16619023311838355,0.16619023311838355,0
21,-2.24593534992532,-1.455826461522577,0.07950347875780131,-0.6901085881277964,-1.3832557686877418,-1.799416165912654,-1.0785322303811091,-0.4987137351281668,-0.4749972085108508,-1.5485358596268446,-0.39161559957179987,0.48211551788355916,-0.3651823425036441,0.21814997204909448,0.16619023311838355,0.16619023311838355,0
22,3.8320196051581608,3.279396852713711,0.07950347875780131,0.8875806259917238,0.24892163071584816,0.17196058957971994,0.006381213928838759,-0.8310565784073687,0.12544057394482688,0.41687499601515815,0.25897196656934957,-0.6348459094527469,-0.3651823425036441,0.21814997204909448,0.16619023311838355,0.16619023311838355,1
23,-2.24593534992532,-1.455826461522577,-0.8616192288175353,-0.6901085881277964,-1.3832557686877418,-1.799416165912654,0.006381213928838759,-0.8310565784073687,-0.4749972085108508,-1.5485358596268446,0.25897196656934957,-0.6348459094527469,-0.3651823425036441,0.21814997204909448,0.16619023311838355,0.16619023311838355,0
24,3.8320196051581608,3.279396852713711,1.6760379863559933,0.8875806259917238,0.8431288634208902,0.8431288634208902,2.075424048387775,1.7865798607558174,0.29979396108960477,0.41687499601515815,0.4945380378821166,2.536239251579106,0.5178336004856385,0.21814997204909448,0.16619023311838355,0.16619023311838355,1
25,-2.24593534992532,-1.455826461522577,0.07950347875780131,-1.127322394550541,0.24892163071584816,0.17196058957971994,2.075424048387775,-0.14649314153881487,0.29979396108960477,0.41687499601515815,-0.5752538122505014,0.48211551788355916,-0.3651823425036441,0.21814997204909448,0.16619023311838355,0.16619023311838355,0
26,-2.24593534992532,-1.455826461522577,-1.1987813585326859,-1.127322394550541,-0.9041788432363312,-1.799416165912654,-0.33886503418627106,-0.14649314153881487,0.29979396108960477,-0.3651823425036441,-0.6265471066380517,-0.6348459094527469,-0.3651823425036441,-1.0583295230635896,-0.9041788432363312,-0.9041788432363312,0
27,-2.24593534992532,-1.455826461522577,-0.8616192288175353,-1.127322394550541,0.24892163071584816,0.17196058957971994,0.006381213928838759,-0.4987137351281668,-0.4749972085108508,0.41687499601515815,-0.5752538122505014,-0.6164967707845502,-0.9842215509098675,0.21814997204909448,0.16619023311838355,0.16619023311838355,0
28,3.8320196051581608,3.279396852713711,1.6760379863559933,0.8875806259917238,0.8431288634208902,0.8431288634208902,2.075424048387775,1.7865798607558174,0.29979396108960477,0.41687499601515815,0.4945380378821166,2.536239251579106,0.5178336004856385,0.21814997204909448,0.16619023311838355,0.16619023311838355,1
29,3.8320196051581608,3.279396852713711,0.07950347875780131,0.8875806259917238,0.24892163071584816,0.17196058957971994,0.006381213928838759,-0.8310565784073687,0.12544057394482688,0.41687499601515815,0.25897196656934957,-0.6348459094527469,-0.3651823425036441,0.21814997204909448,0.16619023311838355,0.16619023311838355,1
30,-2.24593534992532,-1.455826461522577,0.37675500222573294,-1.127322394550541,0.24892163071584816,0.17196058957971994,2.075424048387775,-0.6573187653048055,0.12544057394482688,0.41687499601515815,-0.39161559957179987,0.8875806259917238,-0.3651823425036441,0.21814997204909448,0.16619023311838355,0.16619023311838355,0
31,-2.24593534992532,-1.455826461522577,0.07950347875780131,0.8875806259917238,0.8431288634208902,0.8431288634208902,-1.0785322303811091,-0.14649314153881487,-0.4749972085108508,0.41687499601515815,0.8585930891184718,-0.9450008377565865,0.8585930891184718,0.21814997204909448,0.16619023311838355,0.16619023311838355,0
32,-2.24593534992532,-1.455826461522577,0.07950347875780131,-0.6901085881277964,-1.3832557686877418,-1.799416165912654,0.006381213928838759,-0.14649314153881487,-0.4749972085108508,-1.5485358596268446,0.25897196656934957,-0.37165485700926193,-0.3651823425036441,0.21814997204909448,0.16619023311838355,0.16619023311838355,0
33,-2.24593534992532,-1.455826461522577,0.07950347875780131,-1.127322394550541,0.8431288634208902,0.8431288634208902,-0.33886503418627106,-0.14649314153881487,0.29979396108960477,0.41687499601515815,0.4945380378821166,-0.9450008377565865,0.5178336004856385,0.21814997204909448,0.16619023311838355,0.16619023311838355,0
34,3.8320196051581608,3.279396852713711,1.6760379863559933,-0.02871010588243136,-0.9041788432363312,0.48211551788355916,2.075424048387775,-0.4987137351281668,0.29979396108960477,-0.3651823425036441,0.25897196656934957,0.48211551788355916,-0.3651823425036441,-1.0583295230635896,-0.9041788432363312,-0.9041788432363312,1
35,3.8320196051581608,3.279396852713711,-1.1987813585326859,0.8875806259917238,0.8431288634208902,0.8431288634208902,-0.33886503418627106,1.7865798607558174,1.8430920710191607,0.41687499601515815,0.4945380378821166,2.536239251579106,0.5178336004856385,0.21814997204909448,0.16619023311838355,0.16619023311838355,1
36,-2.24593534992532,3.279396852713711,-0.8616192288175353,0.7185042959477899,0.8431288634208902,0.8431288634208902,-1.0785322303811091,-0.14649314153881487,-0.4749972085108508,0.41687499601515815,-0.6265471066380517,-0.6164967707845502,0.5178336004856385,0.21814997204909448,0.16619023311838355,0.16619023311838355,1
37,3.8320196051581608,3.279396852713711,0.07950347875780131,0.8875806259917238,-1.3832557686877418,0.48211551788355916,0.006381213928838759,-0.8310565784073687,0.12544057394482688,-0.3651823425036441,0.25897196656934957,-0.6348459094527469,-0.3651823425036441,0.21814997204909448,0.16619023311838355,0.16619023311838355,0
38,-2.24593534992532,-1.455826461522577,-1.1987813585326859,-0.6901085881277964,-0.9041788432363312,-1.799416165912654,0.006381213928838759,-0.14649314153881487,-0.4749972085108508,-0.3651823425036441,-0.39161559957179987,-0.6348459094527469,-0.3651823425036441,-1.0583295230635896,-0.9041788432363312,-0.9041788432363312,0
39,3.8320196051581608,3.279396852713711,0.07950347875780131,-0.6901085881277964,-1.3832557686877418,-1.799416165912654,-1.0785322303811091,-0.6573187653048055,-0.4749972085108508,0.41687499601515815,-0.39161559957179987,2.536239251579106,-0.3651823425036441,0.21814997204909448,0.16619023311838355,0.16619023311838355,1
40,3.8320196051581608,3.279396852713711,-0.8616192288175353,0.8875806259917238,0.8431288634208902,0.8431288634208902,0.006381213928838759,1.7865798607558174,1.8430920710191607,0.41687499601515815,0.8585930891184718,-0.6164967707845502,0.8585930891184718,0.21814997204909448,0.16619023311838355,0.16619023311838355,1
41,3.8320196051581608,3.279396852713711,-0.8616192288175353,0.8875806259917238,0.8431288634208902,0.8431288634208902,0.006381213928838759,1.7865798607558174,1.8430920710191607,0.41687499601515815,0.8585930891184718,-0.6164967707845502,0.8585930891184718,0.21814997204909448,0.16619023311838355,0.16619023311838355,1
42,-2.24593534992532,-1.455826461522577,-1.1987813585326859,-0.6901085881277964,-0.9041788432363312,-1.799416165912654,-1.0785322303811091,-0.14649314153881487,-0.4749972085108508,-0.3651823425036441,-0.6265471066380517,-0.37165485700926193,-0.3651823425036441,-1.0583295230635896,-0.9041788432363312,-0.9041788432363312,0
43,-2.24593534992532,3.279396852713711,-0.8616192288175353,0.7185042959477899,0.8431288634208902,0.8431288634208902,-1.0785322303811091,-0.14649314153881487,-0.4749972085108508,0.41687499601515815,-0.6265471066380517,-0.6164967707845502,0.5178336004856385,0.21814997204909448,0.16619023311838355,0.16619023311838355,1
44,3.8320196051581608,-1.455826461522577,0.07950347875780131,-1.127322394550541,0.24892163071584816,0.17196058957971994,0.006381213928838759,-0.8310565784073687,0.29979396108960477,0.41687499601515815,-0.5752538122505014,-0.9450008377565865,0.1536114509115231,0.21814997204909448,0.16619023311838355,0.16619023311838355,1
45,3.8320196051581608,3.279396852713711,0.07950347875780131,-0.6901085881277964,-1.3832557686877418,-1.799416165912654,-1.0785322303811091,-0.6573187653048055,-0.4749972085108508,0.41687499601515815,-0.39161559957179987,2.536239251579106,-0.3651823425036441,0.21814997204909448,0.16619023311838355,0.16619023311838355,1
46,3.8320196051581608,-1.455826461522577,0.07950347875780131,0.7185042959477899,0.8431288634208902,0.8431288634208902,2.075424048387775,1.7865798607558174,1.8430920710191607,0.41687499601515815,0.8585930891184718,-0.37165485700926193,0.8585930891184718,0.21814997204909448,0.16619023311838355,0.16619023311838355,1
47,3.8320196051581608,-1.455826461522577,0.07950347875780131,0.7185042959477899,0.8431288634208902,0.8431288634208902,2.075424048387775,1.7865798607558174,1.8430920710191607,0.41687499601515815,0.8585930891184718,-0.37165485700926193,0.8585930891184718,0.21814997204909448,0.16619023311838355,0.16619023311838355,1
48,-2.24593534992532,-1.455826461522577,1.6760379863559933,-0.02871010588243136,-0.9041788432363312,0.48211551788355916,0.006381213928838759,-0.14649314153881487,-0.4749972085108508,-1.5485358596268446,0.25897196656934957,-0.37165485700926193,-0.3651823425036441,-1.0583295230635896,-0.9041788432363312,-0.9041788432363312,0
49,-2.24593534992532,-1.455826461522577,0.37675500222573294,0.8875806259917238,-1.3832557686877418,-1.799416165912654,-0.33886503418627106,-0.4987137351281668,-0.4749972085108508,-1.5485358596268446,0.25897196656934957,-0.9450008377565865,-0.3651823425036441,0.21814997204909448,0.16619023311838355,0.16619023311838355,0
50,-2.24593534992532,-1.455826461522577,-0.8616192288175353,-0.6901085881277964,-1.3832557686877418,-1.799416165912654,0.006381213928838759,-0.8310565784073687,-0.4749972085108508,0.41687499601515815,-0.39161559957179987,0.48211551788355916,-0.3651823425036441,0.21814997204909448,0.16619023311838355,0.16619023311838355,0
51,-2.24593534992532,-1.455826461522577,-0.8616192288175353,0.8875806259917238,0.24892163071584816,0.17196058957971994,2.075424048387775,-0.4987137351281668,-0.4749972085108508,0.41687499601515815,-0.6265471066380517,-0.6164967707845502,0.5178336004856385,0.21814997204909448,0.16619023311838355,0.16619023311838355,0
52,3.8320196051581608,3.279396852713711,0.37675500222573294,-0.6901085881277964,0.24892163071584816,0.17196058957971994,-0.33886503418627106,1.7865798607558174,-0.4749972085108508,0.41687499601515815,-0.39161559957179987,0.8875806259917238,-0.3651823425036441,0.21814997204909448,0.16619023311838355,0.16619023311838355,1
53,-2.24593534992532,-1.455826461522577,-1.1987813585326859,0.7185042959477899,-1.3832557686877418,-1.799416165912654,0.006381213928838759,-0.8310565784073687,0.12544057394482688,0.41687499601515815,0.25897196656934957,-0.37165485700926193,-0.3651823425036441,0.21814997204909448,0.16619023311838355,0.16619023311838355,0
54,3.8320196051581608,3.279396852713711,0.37675500222573294,0.8875806259917238,0.24892163071584816,0.17196058957971994,0.006381213928838759,-0.14649314153881487,-0.4749972085108508,-1.5485358596268446,0.25897196656934957,0.8875806259917238,-0.3651823425036441,0.21814997204909448,0.16619023311838355,0.16619023311838355,1
55,-2.24593534992532,3.279396852713711,0.07950347875780131,0.8875806259917238,0.8431288634208902,0.8431288634208902,-0.33886503418627106,-0.14649314153881487,-0.4749972085108508,0.41687499601515815,-0.6265471066380517,-0.6348459094527469,0.5178336004856385,0.21814997204909448,0.16619023311838355,0.16619023311838355,1
56,3.8320196051581608,3.279396852713711,0.07950347875780131,-0.6901085881277964,-1.3832557686877418,-1.799416165912654,-1.0785322303811091,-0.6573187653048055,-0.4749972085108508,0.41687499601515815,-0.39161559957179987,2.536239251579106,-0.3651823425036441,0.21814997204909448,0.16619023311838355,0.16619023311838355,1
57,-2.24593534992532,-1.455826461522577,-1.1987813585326859,-0.02871010588243136,-1.3832557686877418,0.48211551788355916,-0.33886503418627106,-0.14649314153881487,-0.4749972085108508,-1.5485358596268446,0.25897196656934957,-0.6164967707845502,-0.3651823425036441,0.21814997204909448,0.16619023311838355,0.16619023311838355,0
58,-2.24593534992532,-1.455826461522577,1.6760379863559933,-0.6901085881277964,-1.3832557686877418,-1.799416165912654,0.006381213928838759,-0.8310565784073687,-0.4749972085108508,-1.5485358596268446,-0.39161559957179987,0.48211551788355916,-0.3651823425036441,0.21814997204909448,0.16619023311838355,0.16619023311838355,0
59,3.8320196051581608,3.279396852713711,1.6760379863559933,0.8875806259917238,0.8431288634208902,0.8431288634208902,2.075424048387775,1.7865798607558174,0.29979396108960477,0.41687499601515815,0.4945380378821166,2.536239251579106,0.5178336004856385,0.21814997204909448,0.16619023311838355,0.16619023311838355,1
60,-2.24593534992532,-1.455826461522577,-1.1987813585326859,-0.02871010588243136,0.24892163071584816,0.17196058957971994,-1.0785322303811091,-0.14649314153881487,-0.4749972085108508,0.41687499601515815,-0.39161559957179987,-0.6164967707845502,-0.3651823425036441,0.21814997204909448,0.16619023311838355,0.16619023311838355,0
61,-2.24593534992532,-1.455826461522577,0.07950347875780131,0.8875806259917238,0.8431288634208902,0.8431288634208902,0.006381213928838759,-0.8310565784073687,1.8430920710191607,0.41687499601515815,0.4945380378821166,-0.37165485700926193,0.5178336004856385,0.21814997204909448,0.16619023311838355,0.16619023311838355,0
62,-2.24593534992532,3.279396852713711,0.07950347875780131,0.8875806259917238,0.8431288634208902,0.8431288634208902,-0.33886503418627106,-0.14649314153881487,-0.4749972085108508,0.41687499601515815,-0.6265471066380517,-0.6348459094527469,0.5178336004856385,0.21814997204909448,0.16619023311838355,0.16619023311838355,1
63,3.8320196051581608,3.279396852713711,1.6760379863559933,-0.02871010588243136,-0.9041788432363312,0.48211551788355916,2.075424048387775,-0.4987137351281668,0.29979396108960477,-0.3651823425036441,0.25897196656934957,0.48211551788355916,-0.3651823425036441,-1.0583295230635896,-0.9041788432363312,-0.9041788432363312,1
64,-2.24593534992532,-1.455826461522577,0.07950347875780131,0.8875806259917238,-1.3832557686877418,-1.799416165912654,-1.0785322303811091,-0.6573187653048055,0.12544057394482688,0.41687499601515815,-0.39161559957179987,-0.37165485700926193,-0.3651823425036441,0.21814997204909448,0.16619023311838355,0.16619023311838355,0
65,3.8320196051581608,3.279396852713711,0.07950347875780131,-0.6901085881277964,-1.3832557686877418,-1.799416165912654,-1.0785322303811091,-0.6573187653048055,-0.4749972085108508,0.41687499601515815,-0.39161559957179987,2.536239251579106,-0.3651823425036441,0.21814997204909448,0.16619023311838355,0.16619023311838355,1
66,3.8320196051581608,3.279396852713711,1.6760379863559933,0.8875806259917238,0.8431288634208902,0.8431288634208902,2.075424048387775,-0.14649314153881487,-0.4749972085108508,0.41687499601515815,0.4945380378821166,-0.37165485700926193,0.5178336004856385,0.21814997204909448,0.16619023311838355,0.16619023311838355,1
67,-2.24593534992532,-1.455826461522577,0.07950347875780131,-1.127322394550541,0.24892163071584816,0.17196058957971994,0.006381213928838759,-0.4987137351281668,0.29979396108960477,0.41687499601515815,0.4945380378821166,-0.37165485700926193,0.5178336004856385,0.21814997204909448,0.16619023311838355,0.16619023311838355,0
68,3.8320196051581608,3.279396852713711,0.07950347875780131,0.8875806259917238,0.24892163071584816,0.17196058957971994,0.006381213928838759,-0.8310565784073687,0.12544057394482688,0.41687499601515815,0.25897196656934957,-0.6348459094527469,-0.3651823425036441,0.21814997204909448,0.16619023311838355,0.16619023311838355,1
69,-2.24593534992532,-1.455826461522577,-0.8616192288175353,0.8875806259917238,0.8431288634208902,0.8431288634208902,0.006381213928838759,1.7865798607558174,-0.4749972085108508,0.41687499601515815,0.8585930891184718,-0.37165485700926193,0.8585930891184718,0.21814997204909448,0.16619023311838355,0.16619023311838355,0
70,3.8320196051581608,-1.455826461522577,0.07950347875780131,0.7185042959477899,0.8431288634208902,0.8431288634208902,2.075424048387775,1.7865798607558174,1.8430920710191607,0.41687499601515815,0.8585930891184718,-0.37165485700926193,0.8585930891184718,0.21814997204909448,0.16619023311838355,0.16619023311838355,1
71,-2.24593534992532,-1.455826461522577,-1.1987813585326859,-0.6901085881277964,-0.9041788432363312,-1.799416165912654,-1.0785322303811091,-0.14649314153881487,-0.4749972085108508,-0.3651823425036441,-0.39161559957179987,-0.6348459094527469,-0.3651823425036441,-1.0583295230635896,-0.9041788432363312,-0.9041788432363312,0
72,-2.24593534992532,-1.455826461522577,-0.8616192288175353,0.8875806259917238,0.8431288634208902,0.8431288634208902,-1.0785322303811091,-0.4987137351281668,-0.4749972085108508,0.41687499601515815,0.4945380378821166,-0.37165485700926193,0.5178336004856385,0.21814997204909448,0.16619023311838355,0.16619023311838355,0
73,3.8320196051581608,3.279396852713711,0.37675500222573294,0.8875806259917238,0.24892163071584816,0.17196058957971994,0.006381213928838759,-0.14649314153881487,-0.4749972085108508,-1.5485358596268446,0.25897196656934957,0.8875806259917238,-0.3651823425036441,0.21814997204909448,0.16619023311838355,0.16619023311838355,1
74,-2.24593534992532,-1.455826461522577,0.07950347875780131,-0.6901085881277964,-1.3832557686877418,-1.799416165912654,-0.33886503418627106,-0.8310565784073687,0.29979396108960477,-1.5485358596268446,-0.39161559957179987,-0.9450008377565865,-0.3651823425036441,0.21814997204909448,0.16619023311838355,0.16619023311838355,0
75,3.8320196051581608,-1.455826461522577,0.07950347875780131,0.7185042959477899,0.8431288634208902,0.8431288634208902,2.075424048387775,1.7865798607558174,1.8430920710191607,0.41687499601515815,0.8585930891184718,-0.37165485700926193,0.8585930891184718,0.21814997204909448,0.16619023311838355,0.16619023311838355,1
76,-2.24593534992532,-1.455826461522577,-1.1987813585326859,-1.127322394550541,0.8431288634208902,0.8431288634208902,0.006381213928838759,-0.6573187653048055,0.29979396108960477,0.41687499601515815,0.4945380378821166,-0.6164967707845502,0.5178336004856385,0.21814997204909448,0.16619023311838355,0.16619023311838355,0
77,3.8320196051581608,3.279396852713711,1.6760379863559933,-0.02871010588243136,-0.9041788432363312,0.48211551788355916,2.075424048387775,-0.4987137351281668,0.29979396108960477,-0.3651823425036441,0.25897196656934957,0.48211551788355916,-0.3651823425036441,-1.0583295230635896,-0.9041788432363312,-0.9041788432363312,1
78,-2.24593534992532,-1.455826461522577,1.6760379863559933,-1.127322394550541,0.24892163071584816,0.17196058957971994,-1.0785322303811091,-0.6573187653048055,-0.4749972085108508,0.41687499601515815,-0.39161559957179987,-0.37165485700926193,-0.3651823425036441,0.21814997204909448,0.16619023311838355,0.16619023311838355,0
79,3.8320196051581608,3.279396852713711,0.37675500222573294,-0.6901085881277964,0.24892163071584816,0.17196058957971994,-0.33886503418627106,1.7865798607558174,-0.4749972085108508,0.41687499601515815,-0.39161559957179987,0.8875806259917238,-0.3651823425036441,0.21814997204909448,0.16619023311838355,0.16619023311838355,1
80,-2.24593534992532,3.279396852713711,-1.1987813585326859,-1.127322394550541,0.24892163071584816,0.17196058957971994,-1.0785322303811091,-0.14649314153881487,-0.4749972085108508,0.41687499601515815,-0.5752538122505014,-0.37165485700926193,-0.3651823425036441,0.21814997204909448,0.16619023311838355,0.16619023311838355,0
81,-2.24593534992532,3.279396852713711,-0.8616192288175353,0.7185042959477899,0.8431288634208902,0.8431288634208902,-1.0785322303811091,-0.14649314153881487,-0.4749972085108508,0.41687499601515815,-0.6265471066380517,-0.6164967707845502,0.5178336004856385,0.21814997204909448,0.16619023311838355,0.16619023311838355,1
82,3.8320196051581608,3.279396852713711,0.07950347875780131,-0.6901085881277964,-1.3832557686877418,-1.799416165912654,-1.0785322303811091,-0.6573187653048055,-0.4749972085108508,0.41687499601515815,-0.39161559957179987,2.536239251579106,-0.3651823425036441,0.21814997204909448,0.16619023311838355,0.16619023311838355,1
83,-2.24593534992532,-1.455826461522577,-1.1987813585326859,-0.6901085881277964,-0.9041788432363312,-1.799416165912654,-1.0785322303811091,-0.4987137351281668,-0.4749972085108508,-1.5485358596268446,-0.6265471066380517,-0.6348459094527469,-0.3651823425036441,-1.0583295230635896,-0.9041788432363312,-0.9041788432363312,0
84,-2.24593534992532,-1.455826461522577,0.07950347875780131,-1.127322394550541,0.8431288634208902,0.8431288634208902,-1.0785322303811091,-0.6573187653048055,-0.4749972085108508,0.41687499601515815,0.4945380378821166,-0.6348459094527469,0.5178336004856385,0.21814997204909448,0.16619023311838355,0.16619023311838355,0
85,3.8320196051581608,3.279396852713711,-1.1987813585326859,0.8875806259917238,0.8431288634208902,0.8431288634208902,-0.33886503418627106,1.7865798607558174,1.8430920710191607,0.41687499601515815,0.4945380378821166,2.536239251579106,0.5178336004856385,0.21814997204909448,0.16619023311838355,0.16619023311838355,1
86,-2.24593534992532,-1.455826461522577,-1.1987813585326859,-0.02871010588243136,-1.3832557686877418,-1.799416165912654,0.006381213928838759,-0.14649314153881487,0.29979396108960477,0.41687499601515815,0.25897196656934957,-0.37165485700926193,-0.3651823425036441,0.21814997204909448,0.16619023311838355,0.16619023311838355,0
87,-2.24593534992532,-1.455826461522577,1.6760379863559933,-0.6901085881277964,-1.3832557686877418,-1.799416165912654,-0.33886503418627106,-0.8310565784073687,0.12544057394482688,-1.5485358596268446,0.25897196656934957,-0.6348459094527469,-0.3651823425036441,0.21814997204909448,0.16619023311838355,0.16619023311838355,0
88,3.8320196051581608,3.279396852713711,0.37675500222573294,0.8875806259917238,0.24892163071584816,0.17196058957971994,0.006381213928838759,-0.14649314153881487,-0.4749972085108508,-1.5485358596268446,0.25897196656934957,0.8875806259917238,-0.3651823425036441,0.21814997204909448,0.16619023311838355,0.16619023311838355,1
89,-2.24593534992532,-1.455826461522577,-1.1987813585326859,-1.127322394550541,0.24892163071584816,0.17196058957971994,-1.0785322303811091,-0.14649314153881487,-0.4749972085108508,0.41687499601515815,-0.6265471066380517,-0.6348459094527469,0.1536114509115231,0.21814997204909448,0.16619023311838355,0.16619023311838355,0
90,3.8320196051581608,-1.455826461522577,1.6760379863559933,-1.127322394550541,0.24892163071584816,0.17196058957971994,0.006381213928838759,-0.14649314153881487,-0.4749972085108508,0.41687499601515815,-0.5752538122505014,0.48211551788355916,-0.9842215509098675,0.21814997204909448,0.16619023311838355,0.16619023311838355,1
91,3.8320196051581608,3.279396852713711,1.6760379863559933,-0.02871010588243136,-0.9041788432363312,0.48211551788355916,2.075424048387775,-0.4987137351281668,0.29979396108960477,-0.3651823425036441,0.25897196656934957,0.48211551788355916,-0.3651823425036441,-1.0583295230635896,-0.9041788432363312,-0.9041788432363312,1
92,-2.24593534992532,-1.455826461522577,-1.1987813585326859,-0.6901085881277964,-0.9041788432363312,-1.799416165912654,0.006381213928838759,-0.14649314153881487,-0.4749972085108508,-1.5485358596268446,-0.6265471066380517,-0.37165485700926193,-0.3651823425036441,-1.0583295230635896,-0.9041788432363312,-0.9041788432363312,0
93,-2.24593534992532,-1.455826461522577,-1.1987813585326859,-1.127322394550541,0.24892163071584816,0.17196058957971994,0.006381213928838759,-0.8310565784073687,-0.4749972085108508,0.41687499601515815,-0.6265471066380517,0.48211551788355916,0.1536114509115231,0.21814997204909448,0.16619023311838355,0.16619023311838355,0
94,-2.24593534992532,-1.455826461522577,-1.1987813585326859,-1.127322394550541,-0.9041788432363312,-1.799416165912654,-0.33886503418627106,-0.8310565784073687,0.29979396108960477,-1.5485358596268446,-0.5752538122505014,-0.6164967707845502,-0.3651823425036441,-1.0583295230635896,-0.9041788432363312,-0.9041788432363312,0
95,-2.24593534992532,-1.455826461522577,-1.1987813585326859,0.8875806259917238,-1.3832557686877418,-1.799416165912654,-0.33886503418627106,-0.8310565784073687,0.29979396108960477,-1.5485358596268446,-0.6265471066380517,-0.6164967707845502,0.1536114509115231,0.21814997204909448,0.16619023311838355,0.16619023311838355,0
96,3.8320196051581608,-1.455826461522577,0.07950347875780131,-1.127322394550541,0.24892163071584816,0.17196058957971994,0.006381213928838759,-0.8310565784073687,0.29979396108960477,0.41687499601515815,-0.5752538122505014,-0.9450008377565865,0.1536114509115231,0.21814997204909448,0.16619023311838355,0.16619023311838355,1
97,-2.24593534992532,-1.455826461522577,0.07950347875780131,0.7185042959477899,0.8431288634208902,0.8431288634208902,-1.0785322303811091,-0.8310565784073687,-0.4749972085108508,0.41687499601515815,0.4945380378821166,-0.6348459094527469,0.5178336004856385,0.21814997204909448,0.16619023311838355,0.16619023311838355,0
98,-2.24593534992532,-1.455826461522577,-1.1987813585326859,-1.127322394550541,0.8431288634208902,0.8431288634208902,-1.0785322303811091,-0.14649314153881487,-0.4749972085108508,0.41687499601515815,0.4945380378821166,-0.37165485700926193,0.5178336004856385,0.21814997204909448,0.16619023311838355,0.16619023311838355,0
99,-2.24593534992532,-1.455826461522577,0.07950347875780131,0.8875806259917238,-1.3832557686877418,-1.799416165912654,-0.33886503418627106,-0.8310565784073687,-0.4749972085108508,0.41687499601515815,-0.5752538122505014,-0.6164967707845502,-0.9842215509098675,0.21814997204909448,0.16619023311838355,0.16619023311838355,0
100,-2.24593534992532,-1.455826461522577,1.6760379863559933,-0.6901085881277964,-1.3832557686877418,-1.799416165912654,-0.33886503418627106,-0.14649314153881487,-0.4749972085108508,-1.5485358596268446,-0.5752538122505014,-0.37165485700926193,0.1536114509115231,0.21814997204909448,0.16619023311838355,0.16619023311838355,0
101,3.8320196051581608,3.279396852713711,-1.1987813585326859,0.8875806259917238,0.8431288634208902,0.8431288634208902,-0.33886503418627106,1.7865798607558174,1.8430920710191607,0.41687499601515815,0.4945380378821166,2.536239251579106,0.5178336004856385,0.21814997204909448,0.16619023311838355,0.16619023311838355,1
102,3.8320196051581608,3.279396852713711,0.07950347875780131,-1.127322394550541,0.24892163071584816,0.17196058957971994,0.006381213928838759,1.7865798607558174,-0.4749972085108508,0.41687499601515815,-0.5752538122505014,-0.37165485700926193,-0.9842215509098675,0.21814997204909448,0.16619023311838355,0.16619023311838355,0
103,3.8320196051581608,3.279396852713711,-0.8616192288175353,0.8875806259917238,0.8431288634208902,0.8431288634208902,0.006381213928838759,1.7865798607558174,1.8430920710191607,0.41687499601515815,0.8585930891184718,-0.6164967707845502,0.8585930891184718,0.21814997204909448,0.16619023311838355,0.16619023311838355,1
104,-2.24593534992532,-1.455826461522577,-0.8616192288175353,-1.127322394550541,0.24892163071584816,0.17196058957971994,-0.33886503418627106,-0.14649314153881487,0.29979396108960477,0.41687499601515815,-0.39161559957179987,-0.37165485700926193,-0.3651823425036441,0.21814997204909448,0.16619023311838355,0.16619023311838355,0
105,-2.24593534992532,-1.455826461522577,0.07950347875780131,-0.02871010588243136,0.24892163071584816,0.17196058957971994,-0.33886503418627106,-0.4987137351281668,-0.4749972085108508,0.41687499601515815,-0.6265471066380517,0.48211551788355916,0.5178336004856385,0.21814997204909448,0.16619023311838355,0.16619023311838355,0
106,3.8320196051581608,-1.455826461522577,0.07950347875780131,0.7185042959477899,0.8431288634208902,0.8431288634208902,2.075424048387775,1.7865798607558174,1.8430920710191607,0.41687499601515815,0.8585930891184718,-0.37165485700926193,0.8585930891184718,0.21814997204909448,0.16619023311838355,0.16619023311838355,1
107,3.8320196051581608,3.279396852713711,1.6760379863559933,0.8875806259917238,0.8431288634208902,0.8431288634208902,2.075424048387775,-0.14649314153881487,-0.4749972085108508,0.41687499601515815,0.4945380378821166,-0.37165485700926193,0.5178336004856385,0.21814997204909448,0.16619023311838355,0.16619023311838355,1
108,3.8320196051581608,-1.455826461522577,1.6760379863559933,-1.127322394550541,0.24892163071584816,0.17196058957971994,0.006381213928838759,-0.14649314153881487,-0.4749972085108508,0.41687499601515815,-0.5752538122505014,0.48211551788355916,-0.9842215509098675,0.21814997204909448,0.16619023311838355,0.16619023311838355,1
109,-2.24593534992532,-1.455826461522577,0.07950347875780131,-1.127322394550541,0.8431288634208902,0.8431288634208902,-0.33886503418627106,-0.14649314153881487,-0.4749972085108508,0.41687499601515815,0.4945380378821166,-0.9450008377565865,0.5178336004856385,0.21814997204909448,0.16619023311838355,0.16619023311838355,0
110,-2.24593534992532,-1.455826461522577,0.07950347875780131,-1.127322394550541,0.24892163071584816,0.17196058957971994,-1.0785322303811091,-0.6573187653048055,-0.4749972085108508,0.41687499601515815,-0.5752538122505014,-0.6348459094527469,-0.9842215509098675,0.21814997204909448,0.16619023311838355,0.16619023311838355,0
111,3.8320196051581608,3.279396852713711,1.6760379863559933,0.8875806259917238,0.8431288634208902,0.8431288634208902,2.075424048387775,-0.14649314153881487,-0.4749972085108508,0.41687499601515815,0.4945380378821166,-0.37165485700926193,0.5178336004856385,0.21814997204909448,0.16619023311838355,0.16619023311838355,1
112,3.8320196051581608,3.279396852713711,1.6760379863559933,-0.02871010588243136,-0.9041788432363312,0.48211551788355916,2.075424048387775,-0.4987137351281668,0.29979396108960477,-0.3651823425036441,0.25897196656934957,0.48211551788355916,-0.3651823425036441,-1.0583295230635896,-0.9041788432363312,-0.9041788432363312,1
113,-2.24593534992532,3.279396852713711,-0.8616192288175353,0.7185042959477899,0.8431288634208902,0.8431288634208902,-1.0785322303811091,-0.14649314153881487,-0.4749972085108508,0.41687499601515815,-0.6265471066380517,-0.6164967707845502,0.5178336004856385,0.21814997204909448,0.16619023311838355,0.16619023311838355,1
114,-2.24593534992532,-1.455826461522577,-0.8616192288175353,-1.127322394550541,0.8431288634208902,0.8431288634208902,-1.0785322303811091,-0.6573187653048055,-0.4749972085108508,0.41687499601515815,-0.6265471066380517,-0.6164967707845502,-0.9842215509098675,0.21814997204909448,0.16619023311838355,0.16619023311838355,0
115,-2.24593534992532,3.279396852713711,0.07950347875780131,0.8875806259917238,0.8431288634208902,0.8431288634208902,-0.33886503418627106,-0.14649314153881487,-0.4749972085108508,0.41687499601515815,-0.6265471066380517,-0.6348459094527469,0.5178336004856385,0.21814997204909448,0.16619023311838355,0.16619023311838355,1
116,-2.24593534992532,-1.455826461522577,0.37675500222573294,0.8875806259917238,-1.3832557686877418,-1.799416165912654,-0.33886503418627106,-0.14649314153881487,-0.4749972085108508,-1.5485358596268446,-0.6265471066380517,-0.9450008377565865,0.5178336004856385,0.21814997204909448,0.16619023311838355,0.16619023311838355,0
117,-2.24593534992532,-1.455826461522577,0.07950347875780131,-0.6901085881277964,-1.3832557686877418,-1.799416165912654,-0.33886503418627106,-0.8310565784073687,0.29979396108960477,-1.5485358596268446,-0.5752538122505014,-0.6348459094527469,-0.9842215509098675,0.21814997204909448,0.16619023311838355,0.16619023311838355,0
118,3.8320196051581608,3.279396852713711,-1.1987813585326859,0.8875806259917238,0.8431288634208902,0.8431288634208902,-0.33886503418627106,1.7865798607558174,1.8430920710191607,0.41687499601515815,0.4945380378821166,2.536239251579106,0.5178336004856385,0.21814997204909448,0.16619023311838355,0.16619023311838355,1
119,-2.24593534992532,-1.455826461522577,0.07950347875780131,-0.6901085881277964,-0.9041788432363312,-1.799416165912654,0.006381213928838759,-0.8310565784073687,-0.4749972085108508,-0.3651823425036441,-0.5752538122505014,-0.6348459094527469,-0.3651823425036441,-1.0583295230635896,-0.9041788432363312,-0.9041788432363312,0
120,3.8320196051581608,-1.455826461522577,0.07950347875780131,0.7185042959477899,0.8431288634208902,0.8431288634208902,2.075424048387775,1.7865798607558174,1.8430920710191607,0.41687499601515815,0.8585930891184718,-0.37165485700926193,0.8585930891184718,0.21814997204909448,0.16619023311838355,0.16619023311838355,1
121,-2.24593534992532,-1.455826461522577,0.37675500222573294,-0.02871010588243136,-0.9041788432363312,0.48211551788355916,-0.33886503418627106,-0.4987137351281668,0.29979396108960477,-0.3651823425036441,-0.39161559957179987,0.8875806259917238,-0.3651823425036441,-1.0583295230635896,-0.9041788432363312,-0.9041788432363312,0
122,-2.24593534992532,-1.455826461522577,-1.1987813585326859,-1.127322394550541,-0.9041788432363312,0.17196058957971994,0.006381213928838759,1.7865798607558174,0.29979396108960477,-1.5485358596268446,0.4945380378821166,-0.6348459094527469,-0.3651823425036441,-1.0583295230635896,-0.9041788432363312,-0.9041788432363312,0
123,3.8320196051581608,3.279396852713711,0.07950347875780131,0.8875806259917238,0.24892163071584816,0.17196058957971994,0.006381213928838759,-0.8310565784073687,0.12544057394482688,0.41687499601515815,0.25897196656934957,-0.6348459094527469,-0.3651823425036441,0.21814997204909448,0.16619023311838355,0.16619023311838355,1
124,-2.24593534992532,-1.455826461522577,-1.1987813585326859,-1.127322394550541,0.24892163071584816,0.17196058957971994,-1.0785322303811091,-0.8310565784073687,-0.4749972085108508,0.41687499601515815,-0.6265471066380517,-0.6164967707845502,-0.9842215509098675,-1.0583295230635896,0.16619023311838355,0.16619023311838355,0
125,-2.24593534992532,-1.455826461522577,-1.1987813585326859,0.7185042959477899,0.8431288634208902,0.8431288634208902,0.006381213928838759,-0.14649314153881487,-0.4749972085108508,0.41687499601515815,0.4945380378821166,-0.6348459094527469,0.5178336004856385,0.21814997204909448,0.16619023311838355,0.16619023311838355,0
126,-2.24593534992532,-1.455826461522577,0.07950347875780131,-0.6901085881277964,-1.3832557686877418,-1.799416165912654,-0.33886503418627106,-0.8310565784073687,-0.4749972085108508,0.41687499601515815,-0.39161559957179987,-0.6348459094527469,-0.3651823425036441,0.21814997204909448,0.16619023311838355,0.16619023311838355,0
127,3.8320196051581608,-1.455826461522577,0.07950347875780131,0.7185042959477899,0.8431288634208902,0.8431288634208902,2.075424048387775,1.7865798607558174,1.8430920710191607,0.41687499601515815,0.8585930891184718,-0.37165485700926193,0.8585930891184718,0.21814997204909448,0.16619023311838355,0.16619023311838355,1
128,3.8320196051581608,-1.455826461522577,0.07950347875780131,0.7185042959477899,0.8431288634208902,0.8431288634208902,2.075424048387775,1.7865798607558174,1.8430920710191607,0.41687499601515815,0.8585930891184718,-0.37165485700926193,0.8585930891184718,0.21814997204909448,0.16619023311838355,0.16619023311838355,1
129,3.8320196051581608,-1.455826461522577,1.6760379863559933,-1.127322394550541,0.24892163071584816,0.17196058957971994,0.006381213928838759,-0.14649314153881487,-0.4749972085108508,0.41687499601515815,-0.5752538122505014,0.48211551788355916,-0.9842215509098675,0.21814997204909448,0.16619023311838355,0.16619023311838355,1
130,3.8320196051581608,3.279396852713711,1.6760379863559933,0.8875806259917238,0.8431288634208902,0.8431288634208902,2.075424048387775,1.7865798607558174,0.29979396108960477,0.41687499601515815,0.4945380378821166,2.536239251579106,0.5178336004856385,0.21814997204909448,0.16619023311838355,0.16619023311838355,1
131,3.8320196051581608,3.279396852713711,0.37675500222573294,0.8875806259917238,0.24892163071584816,0.17196058957971994,0.006381213928838759,-0.14649314153881487,-0.4749972085108508,-1.5485358596268446,0.25897196656934957,0.8875806259917238,-0.3651823425036441,0.21814997204909448,0.16619023311838355,0.16619023311838355,1
132,-2.24593534992532,-1.455826461522577,-1.1987813585326859,-1.127322394550541,0.8431288634208902,0.8431288634208902,-1.0785322303811091,-0.8310565784073687,-0.4749972085108508,0.41687499601515815,-0.6265471066380517,-0.37165485700926193,0.5178336004856385,0.21814997204909448,0.16619023311838355,0.16619023311838355,0
133,3.8320196051581608,3.279396852713711,0.37675500222573294,-0.6901085881277964,0.24892163071584816,0.17196058957971994,-0.33886503418627106,1.7865798607558174,-0.4749972085108508,0.41687499601515815,-0.39161559957179987,0.8875806259917238,-0.3651823425036441,0.21814997204909448,0.16619023311838355,0.16619023311838355,1
134,-2.24593534992532,-1.455826461522577,0.07950347875780131,-0.02871010588243136,-0.9041788432363312,0.48211551788355916,0.006381213928838759,-0.14649314153881487,0.12544057394482688,-0.3651823425036441,0.25897196656934957,-0.9450008377565865,-0.3651823425036441,-1.0583295230635896,-0.9041788432363312,-0.9041788432363312,0
135,-2.24593534992532,-1.455826461522577,-0.8616192288175353,-0.6901085881277964,-0.9041788432363312,-1.799416165912654,0.006381213928838759,1.7865798607558174,-0.4749972085108508,-0.3651823425036441,0.25897196656934957,-0.6164967707845502,-0.3651823425036441,-1.0583295230635896,-0.9041788432363312,-0.9041788432363312,0
136,-2.24593534992532,-1.455826461522577,0.37675500222573294,-0.02871010588243136,0.8431288634208902,0.8431288634208902,-0.33886503418627106,-0.14649314153881487,0.29979396108960477,0.41687499601515815,0.8585930891184718,0.8875806259917238,0.8585930891184718,0.21814997204909448,0.16619023311838355,0.16619023311838355,0
137,3.8320196051581608,3.279396852713711,0.07950347875780131,0.8875806259917238,0.24892163071584816,0.17196058957971994,0.006381213928838759,-0.8310565784073687,0.12544057394482688,0.41687499601515815,0.25897196656934957,-0.6348459094527469,-0.3651823425036441,0.21814997204909448,0.16619023311838355,0.16619023311838355,1
138,-2.24593534992532,-1.455826461522577,0.07950347875780131,0.8875806259917238,-1.3832557686877418,-1.799416165912654,2.075424048387775,-0.6573187653048055,-0.4749972085108508,0.41687499601515815,-0.6265471066380517,0.48211551788355916,0.5178336004856385,0.21814997204909448,0.16619023311838355,0.16619023311838355,0
139,3.8320196051581608,3.279396852713711,-1.1987813585326859,0.8875806259917238,0.8431288634208902,0.8431288634208902,-0.33886503418627106,1.7865798607558174,1.8430920710191607,0.41687499601515815,0.4945380378821166,2.536239251579106,0.5178336004856385,0.21814997204909448,0.16619023311838355,0.16619023311838355,1
140,3.8320196051581608,3.279396852713711,1.6760379863559933,-0.02871010588243136,-0.9041788432363312,0.48211551788355916,2.075424048387775,-0.4987137351281668,0.29979396108960477,-0.3651823425036441,0.25897196656934957,0.48211551788355916,-0.3651823425036441,-1.0583295230635896,-0.9041788432363312,-0.9041788432363312,1
141,3.8320196051581608,3.279396852713711,1.6760379863559933,-0.02871010588243136,-0.9041788432363312,0.48211551788355916,2.075424048387775,-0.4987137351281668,0.29979396108960477,-0.3651823425036441,0.25897196656934957,0.48211551788355916,-0.3651823425036441,-1.0583295230635896,-0.9041788432363312,-0.9041788432363312,1
142,-2.24593534992532,-1.455826461522577,0.07950347875780131,-1.127322394550541,0.24892163071584816,0.17196058957971994,-1.0785322303811091,-0.6573187653048055,-0.4749972085108508,0.41687499601515815,-0.5752538122505014,-0.37165485700926193,-0.3651823425036441,0.21814997204909448,0.16619023311838355,0.16619023311838355,0
143,3.8320196051581608,3.279396852713711,0.37675500222573294,0.8875806259917238,0.24892163071584816,0.17196058957971994,0.006381213928838759,-0.14649314153881487,-0.4749972085108508,-1.5485358596268446,0.25897196656934957,0.8875806259917238,-0.3651823425036441,0.21814997204909448,0.16619023311838355,0.16619023311838355,1
144,3.8320196051581608,3.279396852713711,1.6760379863559933,0.8875806259917238,0.8431288634208902,0.8431288634208902,2.075424048387775,-0.14649314153881487,-0.4749972085108508,0.41687499601515815,0.4945380378821166,-0.37165485700926193,0.5178336004856385,0.21814997204909448,0.16619023311838355,0.16619023311838355,1
145,3.8320196051581608,3.279396852713711,1.6760379863559933,0.8875806259917238,0.8431288634208902,0.8431288634208902,2.075424048387775,-0.14649314153881487,-0.4749972085108508,0.41687499601515815,0.4945380378821166,-0.37165485700926193,0.5178336004856385,0.21814997204909448,0.16619023311838355,0.16619023311838355,1
146,3.8320196051581608,-1.455826461522577,0.07950347875780131,-1.127322394550541,0.24892163071584816,0.17196058957971994,0.006381213928838759,-0.8310565784073687,0.29979396108960477,0.41687499601515815,-0.5752538122505014,-0.9450008377565865,0.1536114509115231,0.21814997204909448,0.16619023311838355,0.16619023311838355,1
147,3.8320196051581608,-1.455826461522577,0.07950347875780131,0.7185042959477899,0.8431288634208902,0.8431288634208902,2.075424048387775,1.7865798607558174,1.8430920710191607,0.41687499601515815,0.8585930891184718,-0.37165485700926193,0.8585930891184718,0.21814997204909448,0.16619023311838355,0.16619023311838355,1
148,3.8320196051581608,3.279396852713711,0.37675500222573294,-0.6901085881277964,0.24892163071584816,0.17196058957971994,-0.33886503418627106,1.7865798607558174,-0.4749972085108508,0.41687499601515815,-0.39161559957179987,0.8875806259917238,-0.3651823425036441,0.21814997204909448,0.16619023311838355,0.16619023311838355,1
149,3.8320196051581608,3.279396852713711,-1.1987813585326859,0.8875806259917238,0.8431288634208902,0.8431288634208902,-0.33886503418627106,1.7865798607558174,1.8430920710191607,0.41687499601515815,0.4945380378821166,2.536239251579106,0.5178336004856385,0.21814997204909448,0.16619023311838355,0.16619023311838355,1
150,-2.24593534992532,-1.455826461522577,-0.8616192288175353,-1.127322394550541,-0.9041788432363312,0.17196058957971994,-1.0785322303811091,-0.14649314153881487,1.8430920710191607,-1.5485358596268446,0.4945380378821166,-0.6164967707845502,-0.3651823425036441,-1.0583295230635896,-0.9041788432363312,-0.9041788432363312,0
151,3.8320196051581608,3.279396852713711,1.6760379863559933,0.8875806259917238,0.8431288634208902,0.8431288634208902,2.075424048387775,-0.14649314153881487,-0.4749972085108508,0.41687499601515815,0.4945380378821166,-0.37165485700926193,0.5178336004856385,0.21814997204909448,0.16619023311838355,0.16619023311838355,1
152,-2.24593534992532,-1.455826461522577,-0.8616192288175353,-0.6901085881277964,-0.9041788432363312,-1.799416165912654,-1.0785322303811091,-0.14649314153881487,0.29979396108960477,-0.3651823425036441,-0.5752538122505014,-0.37165485700926193,-0.3651823425036441,-1.0583295230635896,-0.9041788432363312,-0.9041788432363312,0
153,3.8320196051581608,3.279396852713711,0.07950347875780131,0.8875806259917238,0.24892163071584816,0.17196058957971994,0.006381213928838759,-0.8310565784073687,0.12544057394482688,0.41687499601515815,0.25897196656934957,-0.6348459094527469,-0.3651823425036441,0.21814997204909448,0.16619023311838355,0.16619023311838355,1
154,-2.24593534992532,-1.455826461522577,0.07950347875780131,-0.6901085881277964,-0.9041788432363312,-1.799416165912654,-1.0785322303811091,1.7865798607558174,-0.4749972085108508,-0.3651823425036441,-0.39161559957179987,-0.9450008377565865,-0.3651823425036441,-1.0583295230635896,-0.9041788432363312,-0.9041788432363312,0
155,-2.24593534992532,-1.455826461522577,-1.1987813585326859,0.7185042959477899,0.8431288634208902,0.8431288634208902,0.006381213928838759,-0.8310565784073687,-0.4749972085108508,0.41687499601515815,0.8585930891184718,-0.6164967707845502,0.8585930891184718,0.21814997204909448,0.16619023311838355,0.16619023311838355,0
156,-2.24593534992532,-1.455826461522577,0.07950347875780131,0.8875806259917238,-1.3832557686877418,-1.799416165912654,-0.33886503418627106,-0.14649314153881487,0.29979396108960477,-1.5485358596268446,-0.39161559957179987,-0.9450008377565865,-0.3651823425036441,0.21814997204909448,0.16619023311838355,0.16619023311838355,0
157,-2.24593534992532,-1.455826461522577,1.6760379863559933,-0.6901085881277964,-1.3832557686877418,-1.799416165912654,-1.0785322303811091,-0.4987137351281668,-0.4749972085108508,-1.5485358596268446,0.25897196656934957,0.48211551788355916,-0.3651823425036441,0.21814997204909448,0.16619023311838355,0.16619023311838355,0
158,3.8320196051581608,3.279396852713711,1.6760379863559933,-0.02871010588243136,-0.9041788432363312,0.48211551788355916,2.075424048387775,-0.4987137351281668,0.29979396108960477,-0.3651823425036441,0.25897196656934957,0.48211551788355916,-0.3651823425036441,-1.0583295230635896,-0.9041788432363312,-0.9041788432363312,1
159,-2.24593534992532,-1.455826461522577,-0.8616192288175353,0.7185042959477899,0.8431288634208902,0.8431288634208902,-1.0785322303811091,-0.14649314153881487,-0.4749972085108508,0.41687499601515815,0.4945380378821166,-0.6164967707845502,0.5178336004856385,0.21814997204909448,0.16619023311838355,0.16619023311838355,0
160,3.8320196051581608,3.279396852713711,-1.1987813585326859,0.8875806259917238,0.8431288634208902,0.8431288634208902,-0.33886503418627106,1.7865798607558174,1.8430920710191607,0.41687499601515815,0.4945380378821166,2.536239251579106,0.5178336004856385,0.21814997204909448,0.16619023311838355,0.16619023311838355,1
161,-2.24593534992532,-1.455826461522577,0.07950347875780131,-1.127322394550541,0.24892163071584816,0.17196058957971994,0.006381213928838759,-0.6573187653048055,-0.4749972085108508,0.41687499601515815,-0.5752538122505014,-0.6348459094527469,-0.9842215509098675,0.21814997204909448,0.16619023311838355,0.16619023311838355,0
162,3.8320196051581608,3.279396852713711,1.6760379863559933,0.8875806259917238,0.8431288634208902,0.8431288634208902,2.075424048387775,1.7865798607558174,0.29979396108960477,0.41687499601515815,0.4945380378821166,2.536239251579106,0.5178336004856385,0.21814997204909448,0.16619023311838355,0.16619023311838355,1
163,-2.24593534992532,-1.455826461522577,-0.8616192288175353,-1.127322394550541,0.24892163071584816,0.17196058957971994,-1.0785322303811091,-0.8310565784073687,-0.4749972085108508,0.41687499601515815,-0.39161559957179987,-0.37165485700926193,-0.3651823425036441,0.21814997204909448,0.16619023311838355,0.16619023311838355,0
164,-2.24593534992532,-1.455826461522577,-0.8616192288175353,0.7185042959477899,0.8431288634208902,0.8431288634208902,-1.0785322303811091,-0.6573187653048055,-0.4749972085108508,0.41687499601515815,0.4945380378821166,-0.37165485700926193,0.5178336004856385,0.21814997204909448,0.16619023311838355,0.16619023311838355,0
165,3.8320196051581608,3.279396852713711,0.37675500222573294,-0.6901085881277964,0.24892163071584816,0.17196058957971994,-0.33886503418627106,1.7865798607558174,-0.4749972085108508,0.41687499601515815,-0.39161559957179987,0.8875806259917238,-0.3651823425036441,0.21814997204909448,0.16619023311838355,0.16619023311838355,1
166,-2.24593534992532,-1.455826461522577,-1.1987813585326859,0.7185042959477899,0.8431288634208902,0.8431288634208902,-1.0785322303811091,-0.8310565784073687,-0.4749972085108508,0.41687499601515815,0.8585930891184718,-0.37165485700926193,0.8585930891184718,-1.0583295230635896,0.16619023311838355,0.16619023311838355,0
167,-2.24593534992532,3.279396852713711,0.07950347875780131,0.8875806259917238,0.8431288634208902,0.8431288634208902,-0.33886503418627106,-0.14649314153881487,-0.4749972085108508,0.41687499601515815,-0.6265471066380517,-0.6348459094527469,0.5178336004856385,0.21814997204909448,0.16619023311838355,0.16619023311838355,1
168,3.8320196051581608,3.279396852713711,0.07950347875780131,-0.6901085881277964,-1.3832557686877418,-1.799416165912654,-1.0785322303811091,-0.6573187653048055,-0.4749972085108508,0.41687499601515815,-0.39161559957179987,2.536239251579106,-0.3651823425036441,0.21814997204909448,0.16619023311838355,0.16619023311838355,1
169,3.8320196051581608,3.279396852713711,0.07950347875780131,-0.6901085881277964,-1.3832557686877418,-1.799416165912654,-1.0785322303811091,-0.6573187653048055,-0.4749972085108508,0.41687499601515815,-0.39161559957179987,2.536239251579106,-0.3651823425036441,0.21814997204909448,0.16619023311838355,0.16619023311838355,1
170,3.8320196051581608,3.279396852713711,0.37675500222573294,0.8875806259917238,0.24892163071584816,0.17196058957971994,0.006381213928838759,-0.14649314153881487,-0.4749972085108508,-1.5485358596268446,0.25897196656934957,0.8875806259917238,-0.3651823425036441,0.21814997204909448,0.16619023311838355,0.16619023311838355,1
171,3.8320196051581608,3.279396852713711,-1.1987813585326859,0.8875806259917238,0.8431288634208902,0.8431288634208902,-0.33886503418627106,1.7865798607558174,1.8430920710191607,0.41687499601515815,0.4945380378821166,2.536239251579106,0.5178336004856385,0.21814997204909448,0.16619023311838355,0.16619023311838355,1
172,3.8320196051581608,3.279396852713711,1.6760379863559933,0.8875806259917238,0.8431288634208902,0.8431288634208902,2.075424048387775,-0.14649314153881487,-0.4749972085108508,0.41687499601515815,0.4945380378821166,-0.37165485700926193,0.5178336004856385,0.21814997204909448,0.16619023311838355,0.16619023311838355,1
173,3.8320196051581608,3.279396852713711,0.07950347875780131,-0.6901085881277964,-1.3832557686877418,-1.799416165912654,-1.0785322303811091,-0.6573187653048055,-0.4749972085108508,0.41687499601515815,-0.39161559957179987,2.536239251579106,-0.3651823425036441,0.21814997204909448,0.16619023311838355,0.16619023311838355,1
174,3.8320196051581608,3.279396852713711,0.37675500222573294,-0.6901085881277964,0.24892163071584816,0.17196058957971994,-0.33886503418627106,1.7865798607558174,-0.4749972085108508,0.41687499601515815,-0.39161559957179987,0.8875806259917238,-0.3651823425036441,0.21814997204909448,0.16619023311838355,0.16619023311838355,1
175,-2.24593534992532,-1.455826461522577,0.37675500222573294,-1.127322394550541,0.8431288634208902,0.8431288634208902,-0.33886503418627106,-0.14649314153881487,-0.4749972085108508,0.41687499601515815,0.4945380378821166,0.8875806259917238,0.5178336004856385,0.21814997204909448,0.16619023311838355,0.16619023311838355,0
176,-2.24593534992532,-1.455826461522577,0.07950347875780131,-0.6901085881277964,-0.9041788432363312,-1.799416165912654,-0.33886503418627106,-0.6573187653048055,-0.4749972085108508,-1.5485358596268446,0.25897196656934957,-0.9450008377565865,-0.3651823425036441,-1.0583295230635896,-0.9041788432363312,-0.9041788432363312,0
177,3.8320196051581608,3.279396852713711,1.6760379863559933,0.8875806259917238,0.8431288634208902,0.8431288634208902,2.075424048387775,1.7865798607558174,0.29979396108960477,0.41687499601515815,0.4945380378821166,2.536239251579106,0.5178336004856385,0.21814997204909448,0.16619023311838355,0.16619023311838355,1
178,3.8320196051581608,-1.455826461522577,1.6760379863559933,-1.127322394550541,0.24892163071584816,0.17196058957971994,0.006381213928838759,-0.14649314153881487,-0.4749972085108508,0.41687499601515815,-0.5752538122505014,0.48211551788355916,-0.9842215509098675,0.21814997204909448,0.16619023311838355,0.16619023311838355,1
179,-2.24593534992532,-1.455826461522577,-0.8616192288175353,-1.127322394550541,0.8431288634208902,0.8431288634208902,-1.0785322303811091,-0.14649314153881487,1.8430920710191607,0.41687499601515815,-0.6265471066380517,-0.37165485700926193,0.1536114509115231,0.21814997204909448,0.16619023311838355,0.16619023311838355,0
180,-2.24593534992532,-1.455826461522577,-0.8616192288175353,-0.6901085881277964,-1.3832557686877418,-1.799416165912654,-1.0785322303811091,-0.8310565784073687,-0.4749972085108508,0.41687499601515815,-0.39161559957179987,-0.37165485700926193,-0.3651823425036441,0.21814997204909448,0.16619023311838355,0.16619023311838355,0
181,-2.24593534992532,-1.455826461522577,-0.8616192288175353,-1.127322394550541,0.24892163071584816,0.17196058957971994,-1.0785322303811091,-0.14649314153881487,-0.4749972085108508,0.41687499601515815,-0.6265471066380517,-0.37165485700926193,-0.3651823425036441,-1.0583295230635896,0.16619023311838355,0.16619023311838355,0
182,3.8320196051581608,3.279396852713711,1.6760379863559933,0.8875806259917238,0.8431288634208902,0.8431288634208902,2.075424048387775,1.7865798607558174,0.29979396108960477,0.41687499601515815,0.4945380378821166,2.536239251579106,0.5178336004856385,0.21814997204909448,0.16619023311838355,0.16619023311838355,1
183,3.8320196051581608,-1.455826461522577,1.6760379863559933,-1.127322394550541,0.24892163071584816,0.17196058957971994,0.006381213928838759,-0.14649314153881487,-0.4749972085108508,0.41687499601515815,-0.5752538122505014,0.48211551788355916,-0.9842215509098675,0.21814997204909448,0.16619023311838355,0.16619023311838355,1
184,-2.24593534992532,-1.455826461522577,0.37675500222573294,-0.6901085881277964,-1.3832557686877418,-1.799416165912654,-0.33886503418627106,-0.6573187653048055,-0.4749972085108508,-1.5485358596268446,0.25897196656934957,-0.9450008377565865,-0.3651823425036441,0.21814997204909448,0.16619023311838355,0.16619023311838355,0
185,-2.24593534992532,-1.455826461522577,0.07950347875780131,-0.6901085881277964,-1.3832557686877418,-1.799416165912654,-0.33886503418627106,-0.8310565784073687,-0.4749972085108508,0.41687499601515815,-0.39161559957179987,-0.6348459094527469,-0.3651823425036441,0.21814997204909448,0.16619023311838355,0.16619023311838355,0
186,-2.24593534992532,-1.455826461522577,0.07950347875780131,-0.6901085881277964,-0.9041788432363312,-1.799416165912654,-1.0785322303811091,-0.4987137351281668,-0.4749972085108508,-1.5485358596268446,-0.39161559957179987,-0.6348459094527469,-0.3651823425036441,-1.0583295230635896,-0.9041788432363312,-0.9041788432363312,0
187,-2.24593534992532,-1.455826461522577,0.07950347875780131,-1.127322394550541,0.24892163071584816,0.17196058957971994,-1.0785322303811091,-0.8310565784073687,-0.4749972085108508,0.41687499601515815,-0.5752538122505014,-0.37165485700926193,-0.9842215509098675,0.21814997204909448,0.16619023311838355,0.16619023311838355,0
188,-2.24593534992532,-1.455826461522577,0.37675500222573294,-1.127322394550541,0.24892163071584816,0.17196058957971994,-0.33886503418627106,-0.8310565784073687,-0.4749972085108508,0.41687499601515815,-0.6265471066380517,-0.9450008377565865,-0.9842215509098675,0.21814997204909448,0.16619023311838355,0.16619023311838355,0
189,-2.24593534992532,-1.455826461522577,-0.8616192288175353,0.7185042959477899,0.8431288634208902,0.8431288634208902,-1.0785322303811091,-0.14649314153881487,1.8430920710191607,0.41687499601515815,0.8585930891184718,-0.37165485700926193,0.8585930891184718,0.21814997204909448,0.16619023311838355,0.16619023311838355,0
190,-2.24593534992532,-1.455826461522577,0.07950347875780131,-1.127322394550541,0.24892163071584816,0.17196058957971994,-0.33886503418627106,-0.4987137351281668,-0.4749972085108508,-1.5485358596268446,-0.6265471066380517,-0.9450008377565865,0.5178336004856385,0.21814997204909448,0.16619023311838355,0.16619023311838355,0
191,3.8320196051581608,3.279396852713711,0.07950347875780131,0.8875806259917238,0.24892163071584816,0.17196058957971994,0.006381213928838759,-0.8310565784073687,0.12544057394482688,0.41687499601515815,0.25897196656934957,-0.6348459094527469,-0.3651823425036441,0.21814997204909448,0.16619023311838355,0.16619023311838355,1
192,-2.24593534992532,3.279396852713711,0.07950347875780131,0.8875806259917238,0.8431288634208902,0.8431288634208902,-0.33886503418627106,-0.14649314153881487,-0.4749972085108508,0.41687499601515815,-0.6265471066380517,-0.6348459094527469,0.5178336004856385,0.21814997204909448,0.16619023311838355,0.16619023311838355,1
193,-2.24593534992532,-1.455826461522577,-1.1987813585326859,-1.127322394550541,0.24892163071584816,0.17196058957971994,-0.33886503418627106,-0.6573187653048055,-0.4749972085108508,-1.5485358596268446,-0.6265471066380517,-0.6348459094527469,0.5178336004856385,0.21814997204909448,0.16619023311838355,0.16619023311838355,0
194,3.8320196051581608,3.279396852713711,1.6760379863559933,0.8875806259917238,0.8431288634208902,0.8431288634208902,2.075424048387775,1.7865798607558174,0.29979396108960477,0.41687499601515815,0.4945380378821166,2.536239251579106,0.5178336004856385,0.21814997204909448,0.16619023311838355,0.16619023311838355,1
195,-2.24593534992532,-1.455826461522577,0.37675500222573294,-0.6901085881277964,-0.9041788432363312,-1.799416165912654,2.075424048387775,-0.14649314153881487,-0.4749972085108508,-0.3651823425036441,-0.5752538122505014,0.8875806259917238,-0.3651823425036441,-1.0583295230635896,-0.9041788432363312,-0.9041788432363312,0
196,-2.24593534992532,-1.455826461522577,-0.8616192288175353,-0.02871010588243136,-1.3832557686877418,-1.799416165912654,-1.0785322303811091,-0.4987137351281668,-0.4749972085108508,0.41687499601515815,-0.39161559957179987,-0.37165485700926193,-0.3651823425036441,0.21814997204909448,0.16619023311838355,0.16619023311838355,0
197,3.8320196051581608,-1.455826461522577,0.07950347875780131,-1.127322394550541,0.24892163071584816,0.17196058957971994,0.006381213928838759,-0.8310565784073687,0.29979396108960477,0.41687499601515815,-0.5752538122505014,-0.9450008377565865,0.1536114509115231,0.21814997204909448,0.16619023311838355,0.16619023311838355,1
198,-2.24593534992532,-1.455826461522577,-1.1987813585326859,-0.6901085881277964,-1.3832557686877418,-1.799416165912654,0.006381213928838759,-0.8310565784073687,-0.4749972085108508,-1.5485358596268446,0.25897196656934957,-0.6164967707845502,-0.3651823425036441,0.21814997204909448,0.16619023311838355,0.16619023311838355,0
199,3.8320196051581608,3.279396852713711,-1.1987813585326859,0.8875806259917238,0.8431288634208902,0.8431288634208902,-0.33886503418627106,1.7865798607558174,1.8430920710191607,0.41687499601515815,0.4945380378821166,2.536239251579106,0.5178336004856385,0.21814997204909448,0.16619023311838355,0.16619023311838355,1
200,-2.24593534992532,-1.455826461522577,0.07950347875780131,-0.6901085881277964,-1.3832557686877418,-1.799416165912654,-0.33886503418627106,-0.8310565784073687,-0.4749972085108508,-1.5485358596268446,0.25897196656934957,-0.9450008377565865,-0.3651823425036441,0.21814997204909448,0.16619023311838355,0.16619023311838355,0
201,-2.24593534992532,-1.455826461522577,-1.1987813585326859,0.8875806259917238,0.8431288634208902,0.8431288634208902,-1.0785322303811091,-0.14649314153881487,-0.4749972085108508,0.41687499601515815,0.4945380378821166,-0.6164967707845502,0.5178336004856385,0.21814997204909448,0.16619023311838355,0.16619023311838355,0
202,3.8320196051581608,3.279396852713711,1.6760379863559933,-0.02871010588243136,-0.9041788432363312,0.48211551788355916,2.075424048387775,-0.4987137351281668,0.29979396108960477,-0.3651823425036441,0.25897196656934957,0.48211551788355916,-0.3651823425036441,-1.0583295230635896,-0.9041788432363312,-0.9041788432363312,1
203,-2.24593534992532,-1.455826461522577,0.37675500222573294,-0.6901085881277964,-0.9041788432363312,-1.799416165912654,-0.33886503418627106,1.7865798607558174,-0.4749972085108508,-1.5485358596268446,-0.39161559957179987,0.8875806259917238,-0.3651823425036441,-1.0583295230635896,-0.9041788432363312,-0.9041788432363312,0
204,-2.24593534992532,-1.455826461522577,-0.8616192288175353,0.8875806259917238,-1.3832557686877418,-1.799416165912654,0.006381213928838759,-0.8310565784073687,-0.4749972085108508,-1.5485358596268446,-0.5752538122505014,-0.6164967707845502,-0.9842215509098675,0.21814997204909448,0.16619023311838355,0.16619023311838355,0
205,-2.24593534992532,-1.455826461522577,-0.8616192288175353,0.8875806259917238,-1.3832557686877418,-1.799416165912654,-1.0785322303811091,-0.8310565784073687,-0.4749972085108508,0.41687499601515815,-0.39161559957179987,0.48211551788355916,-0.3651823425036441,0.21814997204909448,0.16619023311838355,0.16619023311838355,0
206,3.8320196051581608,3.279396852713711,0.37675500222573294,-0.6901085881277964,0.24892163071584816,0.17196058957971994,-0.33886503418627106,1.7865798607558174,-0.4749972085108508,0.41687499601515815,-0.39161559957179987,0.8875806259917238,-0.3651823425036441,0.21814997204909448,0.16619023311838355,0.16619023311838355,1
207,-2.24593534992532,-1.455826461522577,-0.8616192288175353,-0.02871010588243136,-0.9041788432363312,0.48211551788355916,0.006381213928838759,-0.4987137351281668,-0.4749972085108508,-0.3651823425036441,0.25897196656934957,-0.37165485700926193,-0.3651823425036441,-1.0583295230635896,-0.9041788432363312,-0.9041788432363312,0
208,3.8320196051581608,3.279396852713711,1.6760379863559933,-0.02871010588243136,-0.9041788432363312,0.48211551788355916,2.075424048387775,-0.4987137351281668,0.29979396108960477,-0.3651823425036441,0.25897196656934957,0.48211551788355916,-0.3651823425036441,-1.0583295230635896,-0.9041788432363312,-0.9041788432363312,1
